973	1
0.27	-3.5
0.273	-3.492
0.276	-3.484
0.28	-3.476
0.284	-3.468
0.288	-3.46
0.292	-3.452
0.296	-3.444
0.301	-3.436
0.306	-3.428
0.311	-3.42
0.317	-3.412
0.323	-3.404
0.329	-3.396
0.336	-3.388
0.343	-3.38
0.35	-3.372
0.358	-3.364
0.366	-3.356
0.374	-3.348
0.384	-3.34
0.393	-3.332
0.404	-3.324
0.415	-3.316
0.426	-3.308
0.439	-3.3
0.452	-3.292
0.466	-3.284
0.48	-3.276
0.496	-3.268
0.513	-3.26
0.532	-3.252
0.551	-3.244
0.572	-3.236
0.595	-3.228
0.619	-3.22
0.645	-3.212
0.674	-3.204
0.705	-3.196
0.739	-3.188
0.776	-3.18
0.817	-3.172
0.862	-3.164
0.911	-3.156
0.967	-3.148
1.029	-3.14
1.098	-3.132
1.177	-3.124
1.267	-3.116
1.371	-3.108
1.492	-3.1
1.635	-3.092
1.805	-3.084
2.011	-3.076
2.266	-3.068
2.59	-3.06
3.015	-3.052
3.595	-3.044
4.434	-3.036
5.753	-3.028
8.131	-3.02
13.684	-3.012
-13.035	-2.987
-8.154	-2.979
-5.968	-2.971
-4.729	-2.963
-3.931	-2.955
-3.375	-2.947
-2.966	-2.939
-2.653	-2.931
-2.406	-2.923
-2.206	-2.915
-2.041	-2.907
-1.902	-2.899
-1.785	-2.891
-1.684	-2.883
-1.597	-2.875
-1.521	-2.867
-1.454	-2.859
-1.395	-2.851
-1.342	-2.843
-1.295	-2.835
-1.253	-2.827
-1.215	-2.819
-1.181	-2.811
-1.149	-2.803
-1.121	-2.795
-1.096	-2.787
-1.073	-2.779
-1.051	-2.771
-1.032	-2.763
-1.015	-2.755
-0.999	-2.747
-0.984	-2.739
-0.971	-2.731
-0.959	-2.723
-0.948	-2.715
-0.939	-2.707
-0.93	-2.699
-0.922	-2.691
-0.915	-2.683
-0.91	-2.675
-0.904	-2.667
-0.9	-2.659
-0.896	-2.651
-0.893	-2.643
-0.891	-2.635
-0.889	-2.627
-0.888	-2.619
-0.888	-2.611
-0.888	-2.603
-0.889	-2.595
-0.891	-2.587
-0.893	-2.579
-0.896	-2.571
-0.899	-2.563
-0.903	-2.555
-0.907	-2.547
-0.912	-2.539
-0.918	-2.531
-0.924	-2.523
-0.931	-2.515
-0.938	-2.507
-0.946	-2.499
-0.955	-2.491
-0.965	-2.483
-0.975	-2.475
-0.985	-2.467
-0.997	-2.459
-1.009	-2.451
-1.022	-2.443
-1.036	-2.435
-1.051	-2.427
-1.067	-2.419
-1.084	-2.411
-1.101	-2.403
-1.12	-2.395
-1.14	-2.387
-1.16	-2.379
-1.183	-2.371
-1.206	-2.363
-1.231	-2.355
-1.257	-2.347
-1.285	-2.339
-1.315	-2.331
-1.346	-2.323
-1.379	-2.315
-1.414	-2.307
-1.452	-2.299
-1.492	-2.291
-1.534	-2.283
-1.58	-2.275
-1.628	-2.267
-1.68	-2.259
-1.736	-2.251
-1.795	-2.243
-1.859	-2.235
-1.928	-2.227
-2.003	-2.219
-2.083	-2.211
-2.17	-2.203
-2.265	-2.195
-2.369	-2.187
-2.482	-2.179
-2.607	-2.171
-2.744	-2.163
-2.896	-2.155
-3.065	-2.147
-3.255	-2.139
-3.468	-2.131
-3.71	-2.123
-3.986	-2.115
-4.305	-2.107
-4.676	-2.099
-5.113	-2.091
-5.636	-2.083
-6.272	-2.075
-7.061	-2.067
-8.066	-2.059
-9.389	-2.051
-11.206	-2.043
-13.856	-2.035
-18.082	-2.027
23.21	-1.978
17.157	-1.97
13.656	-1.962
11.376	-1.954
9.774	-1.946
8.587	-1.938
7.674	-1.93
6.95	-1.922
6.362	-1.914
5.876	-1.906
5.468	-1.898
5.12	-1.89
4.821	-1.882
4.562	-1.874
4.334	-1.866
4.134	-1.858
3.956	-1.85
3.797	-1.842
3.655	-1.834
3.527	-1.826
3.411	-1.818
3.306	-1.81
3.211	-1.802
3.124	-1.794
3.044	-1.786
2.972	-1.778
2.905	-1.77
2.845	-1.762
2.789	-1.754
2.737	-1.746
2.69	-1.738
2.647	-1.73
2.607	-1.722
2.571	-1.714
2.537	-1.706
2.507	-1.698
2.479	-1.69
2.453	-1.682
2.43	-1.674
2.409	-1.666
2.391	-1.658
2.374	-1.65
2.359	-1.642
2.346	-1.634
2.335	-1.626
2.326	-1.618
2.318	-1.61
2.312	-1.602
2.307	-1.594
2.304	-1.586
2.303	-1.578
2.303	-1.57
2.304	-1.562
2.307	-1.554
2.311	-1.546
2.317	-1.538
2.324	-1.53
2.332	-1.522
2.342	-1.514
2.354	-1.506
2.367	-1.498
2.381	-1.49
2.397	-1.482
2.415	-1.474
2.434	-1.466
2.454	-1.458
2.477	-1.45
2.501	-1.442
2.527	-1.434
2.555	-1.426
2.585	-1.418
2.616	-1.41
2.65	-1.402
2.687	-1.394
2.725	-1.386
2.766	-1.378
2.81	-1.37
2.856	-1.362
2.905	-1.354
2.957	-1.346
3.013	-1.338
3.072	-1.33
3.134	-1.322
3.201	-1.314
3.272	-1.306
3.348	-1.298
3.428	-1.29
3.514	-1.282
3.606	-1.274
3.704	-1.266
3.809	-1.258
3.921	-1.25
4.042	-1.242
4.172	-1.234
4.312	-1.226
4.463	-1.218
4.627	-1.21
4.804	-1.202
4.997	-1.194
5.208	-1.186
5.439	-1.178
5.692	-1.17
5.972	-1.162
6.281	-1.154
6.626	-1.146
7.013	-1.138
7.448	-1.13
7.941	-1.122
8.506	-1.114
9.157	-1.106
9.916	-1.098
10.812	-1.09
11.886	-1.082
13.193	-1.074
14.82	-1.066
16.899	-1.058
19.647	-1.05
23.445	-1.042
-21.767	-0.953
-18.684	-0.945
-16.387	-0.937
-14.611	-0.929
-13.196	-0.921
-12.045	-0.913
-11.089	-0.905
-10.284	-0.897
-9.597	-0.889
-9.004	-0.881
-8.487	-0.873
-8.034	-0.865
-7.633	-0.857
-7.275	-0.849
-6.956	-0.841
-6.668	-0.833
-6.408	-0.825
-6.173	-0.817
-5.958	-0.809
-5.762	-0.801
-5.582	-0.793
-5.417	-0.785
-5.266	-0.777
-5.126	-0.769
-4.996	-0.761
-4.877	-0.753
-4.766	-0.745
-4.663	-0.737
-4.567	-0.729
-4.479	-0.721
-4.396	-0.713
-4.319	-0.705
-4.247	-0.697
-4.181	-0.689
-4.119	-0.681
-4.061	-0.673
-4.008	-0.665
-3.958	-0.657
-3.912	-0.649
-3.869	-0.641
-3.829	-0.633
-3.793	-0.625
-3.759	-0.617
-3.728	-0.609
-3.7	-0.601
-3.675	-0.593
-3.652	-0.585
-3.631	-0.577
-3.613	-0.569
-3.597	-0.561
-3.583	-0.553
-3.571	-0.545
-3.562	-0.537
-3.555	-0.529
-3.549	-0.521
-3.546	-0.513
-3.545	-0.505
-3.545	-0.497
-3.548	-0.489
-3.553	-0.481
-3.56	-0.473
-3.569	-0.465
-3.58	-0.457
-3.593	-0.449
-3.608	-0.441
-3.626	-0.433
-3.646	-0.425
-3.668	-0.417
-3.692	-0.409
-3.719	-0.401
-3.749	-0.393
-3.781	-0.385
-3.816	-0.377
-3.854	-0.369
-3.895	-0.361
-3.939	-0.353
-3.987	-0.345
-4.038	-0.337
-4.093	-0.329
-4.151	-0.321
-4.214	-0.313
-4.282	-0.305
-4.355	-0.297
-4.432	-0.289
-4.516	-0.281
-4.605	-0.273
-4.702	-0.265
-4.805	-0.257
-4.916	-0.249
-5.036	-0.241
-5.165	-0.233
-5.305	-0.225
-5.456	-0.217
-5.62	-0.209
-5.798	-0.201
-5.992	-0.193
-6.204	-0.185
-6.437	-0.177
-6.693	-0.169
-6.976	-0.161
-7.29	-0.153
-7.64	-0.145
-8.032	-0.137
-8.474	-0.129
-8.977	-0.121
-9.552	-0.113
-10.216	-0.105
-10.992	-0.097
-11.909	-0.089
-13.01	-0.081
-14.353	-0.073
-16.03	-0.065
-18.181	-0.057
-21.036	-0.049
24.461	0.04
20.302	0.048
17.333	0.056
15.108	0.064
13.379	0.072
11.997	0.08
10.867	0.088
9.927	0.096
9.132	0.104
8.452	0.112
7.863	0.12
7.349	0.128
6.896	0.136
6.493	0.144
6.134	0.152
5.811	0.16
5.52	0.168
5.255	0.176
5.014	0.184
4.793	0.192
4.591	0.2
4.404	0.208
4.232	0.216
4.072	0.224
3.924	0.232
3.786	0.24
3.657	0.248
3.536	0.256
3.423	0.264
3.317	0.272
3.217	0.28
3.123	0.288
3.034	0.296
2.95	0.304
2.871	0.312
2.796	0.32
2.724	0.328
2.657	0.336
2.592	0.344
2.531	0.352
2.473	0.36
2.417	0.368
2.364	0.376
2.313	0.384
2.265	0.392
2.218	0.4
2.174	0.408
2.131	0.416
2.09	0.424
2.051	0.432
2.013	0.44
1.977	0.448
1.942	0.456
1.909	0.464
1.876	0.472
1.845	0.48
1.815	0.488
1.787	0.496
1.759	0.504
1.732	0.512
1.706	0.52
1.681	0.528
1.657	0.536
1.633	0.544
1.611	0.552
1.589	0.56
1.567	0.568
1.547	0.576
1.527	0.584
1.508	0.592
1.489	0.6
1.471	0.608
1.454	0.616
1.437	0.624
1.42	0.632
1.404	0.64
1.389	0.648
1.374	0.656
1.359	0.664
1.345	0.672
1.331	0.68
1.317	0.688
1.304	0.696
1.292	0.704
1.279	0.712
1.267	0.72
1.256	0.728
1.245	0.736
1.233	0.744
1.223	0.752
1.212	0.76
1.202	0.768
1.192	0.776
1.183	0.784
1.173	0.792
1.164	0.8
1.155	0.808
1.147	0.816
1.138	0.824
1.13	0.832
1.122	0.84
1.114	0.848
1.107	0.856
1.099	0.864
1.092	0.872
1.085	0.88
1.079	0.888
1.072	0.896
1.065	0.904
1.059	0.912
1.053	0.92
1.047	0.928
1.041	0.936
1.036	0.944
1.03	0.952
1.025	0.96
1.02	0.968
1.014	0.976
1.009	0.984
1.005	0.992
0.999	1.001
0.995	1.009
0.99	1.017
0.986	1.025
0.982	1.033
0.978	1.041
0.974	1.049
0.97	1.057
0.966	1.065
0.963	1.073
0.959	1.081
0.956	1.089
0.953	1.097
0.949	1.105
0.946	1.113
0.943	1.121
0.94	1.129
0.937	1.137
0.935	1.145
0.932	1.153
0.929	1.161
0.927	1.169
0.925	1.177
0.922	1.185
0.92	1.193
0.918	1.201
0.916	1.209
0.914	1.217
0.912	1.225
0.91	1.233
0.908	1.241
0.907	1.249
0.905	1.257
0.903	1.265
0.902	1.273
0.901	1.281
0.899	1.289
0.898	1.297
0.897	1.305
0.896	1.313
0.895	1.321
0.893	1.329
0.893	1.337
0.892	1.345
0.891	1.353
0.89	1.361
0.889	1.369
0.889	1.377
0.888	1.385
0.888	1.393
0.887	1.401
0.887	1.409
0.886	1.417
0.886	1.425
0.886	1.433
0.886	1.441
0.886	1.449
0.886	1.457
0.886	1.465
0.886	1.473
0.886	1.481
0.886	1.489
0.886	1.497
0.886	1.505
0.887	1.513
0.887	1.521
0.888	1.529
0.888	1.537
0.889	1.545
0.889	1.553
0.89	1.561
0.89	1.569
0.891	1.577
0.892	1.585
0.893	1.593
0.894	1.601
0.895	1.609
0.896	1.617
0.897	1.625
0.898	1.633
0.899	1.641
0.9	1.649
0.901	1.657
0.902	1.665
0.904	1.673
0.905	1.681
0.907	1.689
0.908	1.697
0.91	1.705
0.911	1.713
0.913	1.721
0.914	1.729
0.916	1.737
0.918	1.745
0.92	1.753
0.922	1.761
0.924	1.769
0.925	1.777
0.927	1.785
0.93	1.793
0.932	1.801
0.934	1.809
0.936	1.817
0.938	1.825
0.941	1.833
0.943	1.841
0.945	1.849
0.948	1.857
0.95	1.865
0.953	1.873
0.955	1.881
0.958	1.889
0.961	1.897
0.963	1.905
0.966	1.913
0.969	1.921
0.972	1.929
0.975	1.937
0.978	1.945
0.981	1.953
0.984	1.961
0.987	1.969
0.99	1.977
0.994	1.985
0.997	1.993
1.001	2.002
1.004	2.01
1.008	2.018
1.011	2.026
1.015	2.034
1.018	2.042
1.022	2.05
1.026	2.058
1.03	2.066
1.034	2.074
1.037	2.082
1.041	2.09
1.045	2.098
1.05	2.106
1.054	2.114
1.058	2.122
1.062	2.13
1.066	2.138
1.071	2.146
1.075	2.154
1.08	2.162
1.084	2.17
1.089	2.178
1.094	2.186
1.098	2.194
1.103	2.202
1.108	2.21
1.113	2.218
1.118	2.226
1.123	2.234
1.128	2.242
1.133	2.25
1.138	2.258
1.144	2.266
1.149	2.274
1.154	2.282
1.16	2.29
1.165	2.298
1.171	2.306
1.177	2.314
1.182	2.322
1.188	2.33
1.194	2.338
1.2	2.346
1.206	2.354
1.212	2.362
1.218	2.37
1.225	2.378
1.231	2.386
1.237	2.394
1.244	2.402
1.25	2.41
1.257	2.418
1.264	2.426
1.27	2.434
1.277	2.442
1.284	2.45
1.291	2.458
1.298	2.466
1.305	2.474
1.313	2.482
1.32	2.49
1.327	2.498
1.335	2.506
1.343	2.514
1.35	2.522
1.358	2.53
1.366	2.538
1.374	2.546
1.382	2.554
1.39	2.562
1.398	2.57
1.406	2.578
1.415	2.586
1.423	2.594
1.432	2.602
1.44	2.61
1.449	2.618
1.458	2.626
1.467	2.634
1.476	2.642
1.485	2.65
1.494	2.658
1.504	2.666
1.513	2.674
1.523	2.682
1.532	2.69
1.542	2.698
1.552	2.706
1.562	2.714
1.572	2.722
1.582	2.73
1.593	2.738
1.603	2.746
1.614	2.754
1.624	2.762
1.635	2.77
1.646	2.778
1.657	2.786
1.668	2.794
1.679	2.802
1.691	2.81
1.702	2.818
1.714	2.826
1.726	2.834
1.737	2.842
1.749	2.85
1.762	2.858
1.774	2.866
1.786	2.874
1.799	2.882
1.811	2.89
1.824	2.898
1.837	2.906
1.85	2.914
1.863	2.922
1.877	2.93
1.89	2.938
1.904	2.946
1.918	2.954
1.932	2.962
1.946	2.97
1.96	2.978
1.974	2.986
1.989	2.994
2.006	3.003
2.02	3.011
2.036	3.019
2.051	3.027
2.066	3.035
2.082	3.043
2.097	3.051
2.113	3.059
2.129	3.067
2.146	3.075
2.162	3.083
2.179	3.091
2.196	3.099
2.212	3.107
2.23	3.115
2.247	3.123
2.265	3.131
2.282	3.139
2.3	3.147
2.318	3.155
2.337	3.163
2.355	3.171
2.374	3.179
2.393	3.187
2.412	3.195
2.431	3.203
2.451	3.211
2.471	3.219
2.491	3.227
2.511	3.235
2.531	3.243
2.552	3.251
2.573	3.259
2.594	3.267
2.615	3.275
2.637	3.283
2.659	3.291
2.681	3.299
2.703	3.307
2.726	3.315
2.748	3.323
2.771	3.331
2.795	3.339
2.818	3.347
2.842	3.355
2.866	3.363
2.891	3.371
2.915	3.379
2.94	3.387
2.965	3.395
2.991	3.403
3.017	3.411
3.043	3.419
3.069	3.427
3.096	3.435
3.122	3.443
3.15	3.451
3.177	3.459
3.205	3.467
3.233	3.475
3.262	3.483
3.291	3.491
3.32	3.499
3.349	3.507
3.379	3.515
3.409	3.523
3.44	3.531
3.47	3.539
3.501	3.547
3.533	3.555
3.565	3.563
3.597	3.571
3.63	3.579
3.663	3.587
3.696	3.595
3.73	3.603
3.764	3.611
3.798	3.619
3.833	3.627
3.868	3.635
3.904	3.643
3.94	3.651
3.977	3.659
4.014	3.667
4.051	3.675
4.089	3.683
4.127	3.691
4.166	3.699
4.205	3.707
4.244	3.715
4.284	3.723
4.325	3.731
4.366	3.739
4.407	3.747
4.449	3.755
4.492	3.763
4.535	3.771
4.578	3.779
4.622	3.787
4.666	3.795
4.711	3.803
4.757	3.811
4.802	3.819
4.849	3.827
4.896	3.835
4.944	3.843
4.992	3.851
5.041	3.859
5.09	3.867
5.14	3.875
5.19	3.883
5.241	3.891
5.293	3.899
5.345	3.907
5.398	3.915
5.451	3.923
5.506	3.931
5.56	3.939
5.616	3.947
5.672	3.955
5.729	3.963
5.786	3.971
5.844	3.979
5.903	3.987
5.962	3.995
6.03	4.004
6.091	4.012
6.153	4.02
6.215	4.028
6.279	4.036
6.343	4.044
6.407	4.052
6.473	4.06
6.539	4.068
6.606	4.076
6.674	4.084
6.743	4.092
6.813	4.1
6.883	4.108
6.954	4.116
7.026	4.124
7.099	4.132
7.173	4.14
7.248	4.148
7.324	4.156
7.4	4.164
7.478	4.172
7.556	4.18
7.636	4.188
7.716	4.196
7.797	4.204
7.88	4.212
7.963	4.22
8.048	4.228
8.133	4.236
8.22	4.244
8.307	4.252
8.396	4.26
8.485	4.268
8.576	4.276
8.668	4.284
8.761	4.292
8.855	4.3
8.951	4.308
9.047	4.316
9.145	4.324
9.244	4.332
9.344	4.34
9.445	4.348
9.548	4.356
9.652	4.364
9.757	4.372
9.864	4.38
9.972	4.388
10.081	4.396
10.192	4.404
10.304	4.412
10.417	4.42
10.532	4.428
10.648	4.436
10.766	4.444
10.885	4.452
11.005	4.46
11.128	4.468
11.503	4.492
11.251	4.476
11.376	4.484
11.632	4.5
